char_colors = [
            (" ", (255,255,255)),("1", (219,219,219)),("2", (219,219,219)),("3", (200,200,219)),
            ("4", (182,191,191)),("5", (200,200,200)),("6", (200,200,200)),("7", (200,219,219)),
            ("8", (181,181,181)),("9", (200,200,181)),("0", (200,200,200)),("-", (213,213,213)),
            ("^", (237,237,237)),("q", (199,199,218)),("w", (178,178,178)),("e", (200,200,200)),
            ("r", (237,218,218)),("t", (237,218,237)),("y", (218,218,218)),("u", (218,218,218)),
            ("i", (237,237,219)),("o", (199,199,199)),("p", (218,218,218)),("@", (160,163,160)),
            ('[', (219,219,219)),('a', (199,199,199)),('s', (199,218,199)),('d', (181,181,200)),
            ('f', (219,219,219)),('g', (199,199,199)),('h', (200,299,200)),('j', (236,236,219)),
            ('k', (181,200,200)),('l', (237,219,219)),('\\', (163,181,163)),(';', (255,255,255)),
            (':', (255,255,255)),(']', (219,219,219)),("z", (237,218,237)),("x", (218,218,199)),
            ("c", (237,218,218)),("v", (218,218,218)),("b", (200,200,200)),("n", (218,218,218)),
            ("m", (199,199,199)),(",", (255,255,255)),(".", (255,255,255)),("/", (219,219,219)),
            ("!", (219,219,200)),('"', (237,237,218)),("#", (163,163,163)),("$", (181,163,181)),
            ("&", (181,181,181)),("\'", (237,237,237)),("(", (219,219,219)),(")", (219,219,219)),
            ("=", (199,218,199)),("~", (218,237,237)),("|", (219,219,219)),("Q", (160,160,160)),
            ("W", (255,255,255)),("E", (219,200,182)),('R', (181,163,163)),('S', (181,181,181)),#Wは144,144,144だけど色がつよすぎる
            ('T', (219,219,219)),('Y', (182,182,182)),('U', (182,200,182)),('I', (200,200,182)),
            ('O', (160,181,160)),('P', (200,182,182)),('`', (255,219,219)),('{', (219,219,219)),
            ('A', (181,181,181)),('S', (181,181,181)),('D', (200,182,182)),('F', (182,182,182)),
            ('G', (181,181,200)),('H', (182,200,182)),('J', (200,200,200)),('K', (182,182,182)),
            ('L', (219,219,219)),('+', (199,218,199)),('*', (199,199,199)),('}', (219,219,219)),
            ('Z', (200,200,219)),('X', (182,182,182)),('C', (200,200,200)),('V', (182,200,182)),
            ('B', (200,182,182)),('N', (163,181,163)),('M', (255,255,255)),('<', (219,219,200)),#Mは142,142,142
            ('>', (200,219,219)),('?', (219,219,219)),('_', (255,255,255)),("█", (29,29,0)),
        ]

# 重複なし
        char_colors = [
            (" ", (255,255,255)),("1", (219,219,219)),("2", (219,219,219)),("3", (200,200,219)),
            ("4", (182,191,191)),("5", (200,200,200)),("6", (200,200,200)),("7", (200,219,219)),
            ("8", (181,181,181)),("9", (200,200,181)),("0", (200,200,200)),("-", (213,213,213)),
            ("^", (237,237,237)),("q", (199,199,218)),("w", (178,178,178)),("e", (200,200,200)),
            ("r", (237,218,218)),("t", (237,218,237)),("y", (218,218,218)),("u", (218,218,218)),
            ("i", (237,237,219)),("o", (199,199,199)),("p", (218,218,218)),("@", (160,163,160)),
            ('[', (219,219,219)),('a', (199,199,199)),('s', (199,218,199)),('d', (181,181,200)),
            ('f', (219,219,219)),('g', (199,199,199)),('h', (200,299,200)),('j', (236,236,219)),
            ('k', (181,200,200)),('l', (237,219,219)),('\\', (163,181,163)),(';', (255,255,255)),
            (':', (255,255,255)),(']', (219,219,219)),("z", (237,218,237)),("x", (218,218,199)),
            ("c", (237,218,218)),("v", (218,218,218)),("b", (200,200,200)),("n", (218,218,218)),
            ("m", (199,199,199)),(",", (255,255,255)),(".", (255,255,255)),("/", (219,219,219)),
            ("!", (219,219,200)),("\"", (237,237,218)),("#", (163,163,163)),("$", (181,163,181)),
            ("&", (181,181,181)),("'", (237,237,237)),("(", (219,219,219)),(")", (219,219,219)),
            ("=", (199,218,199)),("~", (218,237,237)),("|", (219,219,219)),("Q", (160,160,160)),
            ("W", (255,255,255)),("E", (219,200,182)),('R', (181,163,163)),('S', (181,181,181)),
            ('T', (219,219,219)),('Y', (182,182,182)),('U', (182,200,182)),('I', (200,200,182)),
            ('O', (160,181,160)),('P', (200,182,182)),('`', (255,219,219)),('{', (219,219,219)),
            ('A', (181,181,181)),('S', (181,181,181)),('D', (200,182,182)),('F', (182,182,182)),
            ('G', (181,181,200)),('H', (182,200,182)),('J', (200,200,200)),('K', (182,182,182)),
            ('L', (219,219,219)),('+', (199,218,199)),('*', (199,199,199)),('}', (219,219,219)),
            ('Z', (200,200,219)),('X', (182,182,182)),('C', (200,200,200)),('V', (182,200,182)),
            ('B', (200,182,182)),('N', (163,181,163)),('M', (255,255,255)),('<', (219,219,200)),
            ('>', (200,219,219)),('?', (219,219,219)),('_', (255,255,255)),("█", (29,29,0)),
        ]